SetDesc: NNPbF_REPS09_NNPDF_5_3_replica_2k
SetIndex: -1
Authors: NNPDF Collaboration
Reference: 
Format: lhagrid1 
DataVersion: 1
NumMembers: 100
Particle: 2212
Flavors: [-5, -4, -3, -2, -1, 21, 1, 2, 3, 4, 5]
OrderQCD: 1
NumFlavor: 5
ErrorType: replicas
XMin: 1.0000000e-09
XMax: 1.0000000e+00
QMin: 1.3000000e+00
QMax: 1.0000000e+05
MZ: 9.1200000e+01
MUp: 0
MDown: 0
MStrange: 0
MCharm: 1.2750000e+00
MBottom: 4.1800000e+00
MTop: 1.7307000e+02
AlphaS_MZ: 1.1800000e-01
AlphaS_OrderQCD: 1
AlphaS_Type: ipol
AlphaS_Qs: [1.3000000e+00, 1.4015966e+00, 1.5163320e+00, 1.6463614e+00, 1.7942663e+00, 1.9631517e+00, 2.1567704e+00, 2.3796794e+00, 2.6374397e+00, 2.9368731e+00, 3.2863925e+00, 3.6964305e+00, 4.1800000e+00, 4.1800000e+00, 4.7204980e+00, 5.3589464e+00, 6.1171554e+00, 7.0226466e+00, 8.1103654e+00, 9.4249725e+00, 1.1023929e+01, 1.2981681e+01, 1.5395385e+01, 1.8392790e+01, 2.2143187e+01, 2.6872750e+01, 3.2886208e+01, 4.0597742e+01, 5.0575459e+01, 6.3606014e+01, 8.0789483e+01, 1.0368008e+02, 1.3449722e+02, 1.7644553e+02, 2.3420603e+02, 3.1469896e+02, 4.2828374e+02, 5.9067157e+02, 8.2601552e+02, 1.1719747e+03, 1.6881369e+03, 2.4702427e+03, 3.6745957e+03, 5.5606513e+03, 8.5666178e+03, 1.3446093e+04, 2.1519671e+04, 3.5147377e+04, 5.8633885e+04, 1.0000000e+05]
AlphaS_Vals: [3.6417527e-01, 3.4968410e-01, 3.3573899e-01, 3.2232391e-01, 3.0942266e-01, 2.9701899e-01, 2.8509666e-01, 2.7363948e-01, 2.6263144e-01, 2.5205671e-01, 2.4189971e-01, 2.3214517e-01, 2.2277812e-01, 2.2277812e-01, 2.1513849e-01, 2.0771783e-01, 2.0051309e-01, 1.9352095e-01, 1.8673793e-01, 1.8016034e-01, 1.7378432e-01, 1.6760592e-01, 1.6162105e-01, 1.5582553e-01, 1.5021513e-01, 1.4478554e-01, 1.3953244e-01, 1.3445147e-01, 1.2953827e-01, 1.2478850e-01, 1.2019780e-01, 1.1576189e-01, 1.1147647e-01, 1.0733732e-01, 1.0334027e-01, 9.9481185e-02, 9.5756015e-02, 9.2160766e-02, 8.8691518e-02, 8.5344425e-02, 8.2115718e-02, 7.9001706e-02, 7.5998781e-02, 7.3103415e-02, 7.0312162e-02, 6.7621663e-02, 6.5028638e-02, 6.2529892e-02, 6.0122316e-02, 5.7802878e-02]
AlphaS_Lambda4: 0.342207
AlphaS_Lambda5: 0.239
